0,273
0,270
3,2
3,1
3,3
10,70
10,108
10,180
10,118
10,204
10,158
10,298
10,174
11,16
11,10
11,28
9,2
8,4
8,9
8,17
8,8
8,7
8,10
8,2
8,3
47,4
47,3
47,2
47,1
47,0
46,3
46,2
46,1
46,0
45,3
45,2
45,1
45,0
44,5
44,4
44,3
44,2
44,1
44,0
43,4
43,3
43,2
43,1
43,0
41,5
41,4
41,3
41,2
41,1
41,0
38,5
38,4
38,3
38,2
38,1
38,0
36,5
36,4
36,3
36,2
36,1
36,0
32,4
32,3
32,1
24,3
24,1
20,2
20,1
12,3
12,2
20,3
12,1
11,29
11,26
11,25
11,24
11,23
11,22
11,19
11,18
11,17
11,14
11,11
11,8
11,7
11,6
11,3
11,2
19,2
19,1
11,1
19,3
10,308
10,306
10,273
10,246
10,240
10,231
10,176
10,145
10,144
10,143
10,135
